       0/9     31.9G     0.707      1.89       2.6        16       800         0         0         0         0
       1/9     31.9G     0.436      1.27      1.71        66       800         0         0         0         0
       2/9     31.9G     0.455      1.31      1.77        53       800         0         0         0         0
       3/9     31.9G     0.396      1.15      1.55       168       800         0         0         0         0
       4/9     31.9G     0.346      1.04      1.38        80       800         0         0         0         0
       5/9     31.9G      0.31     0.956      1.27       456       800         0         0         0         0
       6/9     31.9G     0.276      0.89      1.17        72       800         0         0         0         0
       7/9     31.9G     0.253     0.836      1.09        73       800         0         0         0         0
       8/9     31.9G     0.229     0.783      1.01       178       800         0         0         0         0
       9/9     31.9G     0.173      0.66     0.834       179       800         0         0         0         0
